###############################
# poissonStrong, sinc (ReLUε) #
###############################
----------
0.01
----------
	  P	  O		  NΩ		L2
							       1	      10	     100	     500	    1000	    5000
MC				  50		2.65E-02	3.50E-02	6.81E-02	4.01E-01	1.76E-01	5.79E-02
MC				 100		2.97E-02	7.99E-02	3.18E-02	1.48E-02	4.24E-02	2.51E-01
AQ	  2	  2		  25		1.11E-01	1.05E-01	3.00E-02	2.39E-02	4.47E-02	1.97E+00
AQ	  2	  5		  42		5.13E-02	3.18E-02	9.43E-02	6.39E-02	1.52E-02	1.62E+00
AQ	  2	 10		  75		1.84E-03	2.26E-02	1.22E-02	3.83E-02	7.25E-03	4.32E-01
AQ	  3	  2		  57		2.55E-02	6.25E-03	1.70E-01	2.60E-01	2.46E-01	3.04E-02
AQ	  3	  5		  84		1.08E-02	3.81E-02	1.32E-02	1.76E-03	3.76E-02	2.65E-02
AQ	  5	  2		  86		7.56E-02	6.18E-03	6.66E-03	3.58E-02	1.04E-02	1.09E+00
----------
0.001
----------
	  P	  O		  NΩ		L2
							       1	      10	     100	     500	    1000	    5000
MC				  50		4.67E-02	1.15E-01	1.10E-01	1.06E-01	4.40E-01	5.77E-01
MC				 100		4.29E-02	1.17E-01	4.03E-02	3.18E-02	6.50E-03	1.44E-01
AQ	  2	  2		  28		1.91E-02	4.64E-02	6.49E-02	4.35E-02	7.09E-02	2.41E+00
AQ	  2	  5		  44		1.80E-02	6.67E-03	1.88E-02	2.49E-02	2.81E-02	1.85E+00
AQ	  2	 10		  78		1.01E-02	6.75E-03	2.23E-02	5.03E-03	5.74E-03	1.26E+00
AQ	  3	  2		  59		3.87E-02	3.84E-02	1.32E-02	7.94E-02	1.71E-01	1.33E-02
AQ	  3	  5		  86		1.40E-02	3.87E-02	1.61E-02	9.66E-03	6.76E-03	7.50E-03
AQ	  5	  2		  89		6.32E-03	1.63E-02	3.50E-02	6.45E-03	3.03E-02	1.38E-02

