################################
# poissonNitsche, sinc (ReLUε) #
################################
----------
0.01
----------
	  P	  O		  NΩ		L2
							       1	      10	     100	     500	    1000	    5000
MC				  50		4.82E-02	1.69E-01	1.41E+00	5.08E+00	8.96E+00	1.82E+03
MC				 100		4.29E-01	6.39E-01	1.68E+00	1.40E+00	2.11E+01	7.26E+03
AQ	  2	  2		  24		2.87E-02	2.05E-01	8.80E-02	1.14E+00	3.54E+02	4.43E+05
AQ	  2	  5		  43		1.04E-02	1.00E-02	4.90E-02	1.81E+00	2.04E+02	5.28E+05
AQ	  2	 10		  88		8.51E-03	8.24E-03	6.89E-02	2.05E-01	1.10E+00	3.11E+03
AQ	  3	  2		  61		8.12E-03	1.37E-02	1.59E-02	5.13E-02	4.83E+00	5.49E+03
AQ	  3	  5		  90		8.74E-03	1.03E-02	1.02E-02	8.71E-03	7.79E-03	3.47E+02
AQ	  5	  2		  91		9.67E-03	1.30E-02	6.35E-03	7.78E-03	1.49E-02	9.35E+01
----------
0.001
----------
	  P	  O		  NΩ		L2
							       1	      10	     100	     500	    1000	    5000
MC				  50		1.91E-01	1.70E-01	9.88E-01	4.93E+00	4.97E+00	1.00E+01
MC				 100		2.73E-01	2.32E-01	1.37E+00	8.35E-01	6.46E-01	6.55E+01
AQ	  2	  2		  26		5.67E-02	3.50E-02	5.15E-02	1.26E+00	3.02E+00	2.32E+03
AQ	  2	  5		  46		8.66E-03	7.24E-03	1.98E-02	4.13E-03	1.70E-01	1.78E+03
AQ	  2	 10		  93		5.87E-03	1.04E-02	5.71E-03	5.57E-03	5.17E-03	5.28E+02
AQ	  3	  2		  66		2.30E-02	7.99E-03	1.42E-02	1.19E-02	3.26E-02	3.90E+00
AQ	  3	  5		  96		1.97E-02	1.79E+00	3.78E-02	5.46E-03	5.53E-03	6.42E-03
AQ	  5	  2		  90		1.78E-02	6.80E-03	6.61E-03	1.16E-02	9.72E-03	1.83E+00

