##############################
# poissonStrong, well (tanh) #
##############################
----------
0.01
----------
	  P	  O		  NΩ		L2
							       1	      10	     100	     500	    1000	    5000
MC				  50		2.62E-02	2.81E-02	7.34E-03	5.55E-02	2.75E-02	4.61E-01
MC				 100		2.96E-02	1.17E-02	2.81E-02	1.72E-03	9.02E-03	4.71E-02
AQ	  3	  2		  38		2.86E-02	6.26E-03	5.95E-02	1.83E-02	4.11E-02	7.62E+00
AQ	  3	  5		  57		3.13E-03	8.46E-03	2.65E-03	2.19E-03	1.37E-03	1.54E+00
AQ	  3	 10		 118		1.73E-03	1.54E-04	1.74E-03	1.41E-02	6.11E-02	2.92E+00
AQ	  5	  2		  76		8.55E-04	2.06E-03	7.29E-03	1.72E-02	5.46E-03	5.06E-01
AQ	  5	  5		 118		4.62E-03	2.83E-03	4.58E-04	1.77E-03	4.02E-03	3.39E-01
AQ	  7	  2		 112		6.35E-03	2.97E-04	7.16E-03	4.23E-03	2.47E-02	3.97E-01
----------
0.001
----------
	  P	  O		  NΩ		L2
							       1	      10	     100	     500	    1000	    5000
MC				  50		8.51E-02	3.04E-02	9.91E-03	1.36E-01	2.62E-02	8.61E-02
MC				 100		5.87E-02	6.39E-02	5.65E-02	7.68E-03	1.79E-02	9.28E-02
AQ	  3	  2		  31		1.73E+00	8.18E-02	1.49E-02	1.64E-01	4.34E+00	7.94E+00
AQ	  3	  5		  49		3.42E-02	2.51E-02	2.82E-02	2.70E-02	2.23E-02	1.66E+00
AQ	  3	 10		 113		5.41E-03	1.57E-02	1.07E-02	5.37E-02	7.75E-03	1.56E+00
AQ	  5	  2		  75		2.83E-03	1.01E-02	8.73E-03	1.07E-03	4.03E-02	1.19E+00
AQ	  5	  5		 107		8.00E-03	9.14E-03	8.99E-03	4.01E-02	2.08E-03	1.04E+00
AQ	  7	  2		 107		1.09E-02	6.94E-03	4.83E-03	8.86E-03	8.29E-03	3.94E-01

