###############################
# poissonNitsche, well (tanh) #
###############################
----------
0.01
----------
	  P	  O		  NΩ		L2
							       1	      10	     100	     500	    1000	    5000
MC				  50		7.67E-02	4.99E-01	4.64E-01	2.86E+00	8.05E+00	3.45E+02
MC				 100		1.75E-01	4.92E-01	9.31E-01	1.55E+00	1.64E+00	4.78E+00
AQ	  3	  2		  40		3.87E-02	1.49E-02	1.14E-01	1.34E+00	1.19E+01	4.21E+02
AQ	  3	  5		  46		8.40E-01	3.06E-02	3.47E-02	2.19E-02	1.77E+00	6.64E+01
AQ	  3	 10		 110		7.89E-03	4.56E-03	8.17E-03	5.09E-02	1.45E+00	3.92E+02
AQ	  5	  2		  84		7.41E-03	1.36E-02	3.41E-03	4.18E-02	4.27E-01	4.34E+02
AQ	  5	  5		 108		3.73E-03	4.77E-03	5.53E-03	9.31E-03	5.17E-01	3.05E+02
AQ	  7	  2		  98		3.75E-03	9.94E-03	3.71E-03	5.95E-02	1.67E-01	1.66E+02
----------
0.001
----------
	  P	  O		  NΩ		L2
							       1	      10	     100	     500	    1000	    5000
MC				  50		2.52E-01	2.54E-01	9.53E-01	2.76E+00	3.42E+00	1.47E+01
MC				 100		3.16E-01	3.77E-01	1.34E+00	2.56E+00	1.77E+00	1.87E+00
AQ	  3	  2		  21		1.59E+00	1.59E+00	1.21E+00	5.16E-01	5.55E+00	6.10E+01
AQ	  3	  5		  26		5.44E-01	1.66E+00	3.47E-01	3.43E-02	1.54E-01	1.86E+00
AQ	  3	 10		  57		6.52E-01	6.20E-01	5.57E-02	4.92E-02	5.12E-02	3.86E+01
AQ	  5	  2		  50		5.41E-02	3.90E-02	7.87E-02	5.77E-02	2.47E-02	5.02E+01
AQ	  5	  5		  71		2.32E-02	2.31E-02	4.37E-02	6.62E-02	5.95E-02	2.18E+01
AQ	  7	  2		  41		2.35E-01	1.81E-01	2.24E-01	1.08E-01	2.78E-01	1.50E+00

